21
22
23
25
53
79
80
88
110
111
113
119
139
256
257
264
389
443
445
512
513
514
515
540
593
631
1025
1433
1494
1521
1524
1526
1723
1812
1900
2001
2049
2301
2381
2433
3128
3268
3269
3306
3372
3389
4001
5000
5631
5800
5900
6000
6001
6112
7100
8000
8080
9001
13701
13702
13705
13706
13708
13709
13710
13711
13712
13713
13714
13715
13716
13717
13718
13720
13721
13722
13782
13783
18181
18182
18183
18184
18185
18187
32770
32771
32772
32773
32774
32775
32776
32777
32778
32779
32780
32786
32787
49400
60000
65301
