21
22
23
25
53
79
80
88
110
111
113
119
139
256
257
264
389
443
445
512
513
514
515
540
593
631
1025
1433
1494
1521
1524
1526
1723
1812
1900
2001
2049
2301
2381
3128
3268
3269
3306
3372
3389
4001
5000
5631
5800
5900
6000
6001
6112
7100
8000
8080
9001
13701
13702
13705
13706
13708
13709
13710
13711
13712
13713
13714
13715
13716
13717
13718
13720
13721
13722
13782
13783
18181
18182
18183
18184
18185
18187
32770
32771
32772
32773
32774
32775
32776
32777
32778
32779
32780
32786
32787
49400
65301
1
2
3
4
5
6
7
9
11
13
15
17
18
19
20
24
27
29
31
33
35
37
38
39
41
42
43
44
45
46
47
48
49
50
51
52
54
55
56
57
58
59
61
62
63
64
65
66
67
68
69
70
71
72
73
74
75
76
77
78
81
82
83
84
85
86
87
89
90
91
92
93
94
95
96
97
98
99
100
101
102
103
104
105
106
107
108
109
112
114
115
116
117
118
120
121
122
123
124
125
126
127
128
129
130
131
132
133
134
135
136
137
138
140
141
142
143
144
145
146
147
148
149
150
151
152
153
154
155
156
157
158
159
160
161
162
163
164
165
166
167
168
169
170
171
172
173
174
175
176
177
178
179
180
181
182
183
184
185
186
187
188
189
190
191
192
193
194
195
196
197
198
199
200
201
202
203
204
205
206
207
208
209
210
211
212
213
214
215
216
217
218
219
220
221
222
223
242
243
244
245
246
247
248
258
259
260
261
262
263
265
280
281
282
308
309
310
311
312
313
314
315
316
317
321
344
345
346
347
348
349
350
351
352
353
354
355
356
357
358
359
360
361
362
363
364
365
366
367
368
369
370
371
372
373
374
375
376
377
378
379
380
381
382
383
384
385
386
387
388
390
391
392
393
394
395
396
397
398
399
400
401
402
403
404
405
406
407
408
409
410
411
412
413
414
415
416
417
418
419
420
421
422
423
424
425
426
427
428
429
430
431
432
433
434
435
436
437
438
439
440
441
442
444
446
447
448
449
450
451
452
453
454
455
456
457
458
459
460
461
462
463
464
465
466
467
468
469
470
471
472
473
474
475
476
477
478
479
480
481
482
483
484
485
486
487
488
489
490
491
492
493
494
495
496
497
498
499
500
501
502
503
504
505
506
507
508
509
510
511
516
517
518
519
520
521
522
523
524
525
526
527
528
529
530
531
532
533
534
535
536
537
538
539
541
542
543
544
545
546
547
548
549
550
551
552
553
554
555
556
557
558
559
560
561
562
563
564
565
566
567
568
569
570
571
572
573
574
575
576
577
578
579
580
581
582
583
584
585
586
587
588
589
590
591
592
594
595
596
597
598
599
600
603
606
607
608
609
610
611
612
617
624
625
626
627
628
629
630
634
635
636
637
640
650
655
660
666
674
691
694
704
706
709
723
729
730
731
737
740
741
742
744
747
748
749
750
751
752
753
754
758
759
760
761
762
763
764
765
767
769
770
771
772
773
774
775
776
780
781
782
783
786
799
800
801
808
871
873
888
898
901
902
903
950
953
975
989
990
991
992
993
994
995
996
997
998
999
1000
1002
1008
1012
1023
1024
1026
1027
1028
1029
1030
1031
1032
1033
1040
1043
1050
1058
1059
1067
1068
1076
1080
1083
1084
1099
1103
1109
1110
1112
1127
1139
1155
1167
1178
1212
1214
1220
1222
1234
1236
1241
1248
1300
1313
1337
1346
1347
1348
1349
1350
1351
1352
1353
1354
1355
1356
1357
1358
1359
1360
1361
1362
1363
1364
1365
1366
1367
1368
1369
1370
1371
1372
1373
1374
1375
1376
1377
1378
1379
1380
1381
1383
1384
1385
1386
1387
1388
1389
1390
1391
1392
1393
1394
1395
1396
1397
1398
1399
1400
1401
1402
1403
1404
1405
1406
1407
1408
1409
1410
1411
1412
1413
1414
1415
1416
1417
1418
1419
1420
1421
1422
1423
1424
1425
1426
1427
1428
1429
1430
1431
1432
1434
1435
1436
1437
1438
1439
1440
1441
1442
1443
1444
1445
1446
1447
1448
1449
1450
1451
1452
1453
1454
1455
1456
1457
1458
1459
1460
1461
1462
1463
1464
1465
1466
1467
1468
1469
1470
1471
1472
1473
1474
1475
1476
1477
1478
1479
1480
1481
1482
1483
1484
1485
1486
1487
1488
1489
1490
1491
1492
1493
1495
1496
1497
1498
1499
1500
1501
1502
1503
1504
1505
1506
1507
1508
1509
1510
1511
1512
1513
1514
1515
1516
1517
1518
1519
1520
1522
1523
1525
1527
1528
1529
1530
1531
1532
1533
1534
1535
1536
1537
1538
1539
1540
1541
1542
1543
1544
1545
1546
1547
1548
1549
1550
1551
1552
1600
1645
1646
1647
1648
1649
1650
1651
1652
1661
1662
1663
1664
1665
1666
1667
1668
1669
1670
1671
1672
1680
1701
1718
1719
1720
1755
1758
1761
1762
1763
1764
1789
1813
1827
1911
1935
1957
1984
1985
1986
1987
1988
1989
1990
1991
1992
1993
1994
1995
1996
1997
1998
1999
2000
2002
2003
2004
2005
2006
2007
2008
2009
2010
2011
2012
2013
2014
2015
2016
2017
2018
2019
2020
2021
2022
2023
2024
2025
2026
2027
2028
2030
2032
2033
2034
2035
2038
2040
2041
2042
2043
2044
2045
2046
2047
2048
2053
2064
2065
2067
2068
2101
2102
2103
2104
2105
2106
2108
2111
2112
2120
2121
2150
2201
2232
2241
2307
2401
2430
2431
2432
2433
2500
2501
2564
2583
2600
2601
2602
2603
2604
2605
2606
2607
2608
2627
2628
2638
2766
2784
2809
2882
2903
2967
2988
2998
3000
3001
3005
3006
3049
3050
3052
3064
3086
3130
3141
3264
3292
3333
3346
3401
3421
3455
3456
3457
3462
3493
3531
3632
3689
3690
3900
3928
3929
3984
3985
3986
3996
3997
3998
3999
4000
4002
4003
4004
4005
4006
4007
4008
4045
4125
4132
4133
4144
4224
4321
4333
4343
4444
4480
4500
4557
4559
4600
4660
4672
4827
4899
4987
4998
5001
5002
5003
5010
5011
5050
5051
5060
5100
5101
5102
5145
5190
5191
5192
5193
5222
5232
5236
5269
5300
5301
5302
5303
5304
5305
5308
5354
5355
5400
5405
5428
5432
5490
5500
5510
5520
5530
5540
5550
5553
5554
5555
5632
5679
5680
5713
5714
5715
5716
5717
5801
5802
5803
5901
5902
5903
5977
5978
5979
5997
5998
5999
6002
6003
6004
6005
6006
6007
6008
6009
6010
6017
6050
6101
6103
6105
6106
6110
6111
6141
6142
6143
6144
6145
6146
6147
6148
6346
6347
6400
6401
6502
6543
6544
6547
6548
6549
6558
6566
6588
6666
6667
6668
6699
6969
7000
7001
7002
7003
7004
7005
7006
7007
7008
7009
7010
7070
7200
7201
7273
7326
7464
7597
7648
7649
7650
7651
8007
8008
8009
8021
8081
8082
8443
8888
8892
9090
9100
9101
9102
9103
9111
9152
9359
9535
9876
9888
9898
9991
9992
9999
10000
10005
10080
10081
10082
10083
11201
11371
11720
12000
12345
12346
13724
15126
15345
16959
17007
17185
17300
18000
19150
20005
20011
20012
22273
22289
22305
22321
22370
24554
26000
26208
26900
27000
27001
27002
27003
27004
27005
27006
27007
27008
27009
27010
27015
27374
27444
27500
27665
27910
27960
28910
31335
31337
32768
33434
38037
38292
38293
39213
43188
44334
44442
44443
45000
47557
54320
54321
60177
60179
61439
61440
61441
